0 10 1.99540906362737
0 16 0.0182723860265377
0 14 -0.56718283941792
0 12 -0.422008910143658
0 8 0.00319255957276682
0 9 -0.555333351985645
0 6 0.0950011573624732
0 17 0.017554135709982
1 11 1.78585255268725
1 3 -0.423489273646454
1 0 -0.310779473381028
1 4 0.0620118900483275
1 8 -0.131248135525837
1 18 -0.0785149276332881
1 12 -0.121461236540574
1 7 -0.097998501673987
1 17 -0.181720715215377
1 2 0.0833594983113592
2 12 2.06741310583922
2 18 0.163440951661573
2 11 -0.121461236540574
2 8 -0.430457715273877
2 10 -0.422008910143658
2 17 -0.293380954500754
2 9 0.129803795044128
2 14 -0.163200884243208
2 1 0.06430834675674
2 2 -0.508134580133659
3 13 2.79343984291572
3 3 0.0675015110861759
3 4 -0.426547897598944
3 15 -1.09555142706603
3 19 0.273953375585481
4 14 2.16533532436797
4 16 0.107512352952656
4 10 -0.56718283941792
4 6 -0.605337531136664
4 1 -0.0943003835633269
4 12 -0.163200884243208
4 8 0.00658419320504447
5 5 -0.604584144743564
5 15 2.65087355242402
5 16 0.0234585300523318
5 6 -0.0207060620193054
5 13 -1.09555142706603
5 3 -0.0727719060992709
5 19 -0.670293578917673
5 4 -0.31885589086554
5 8 -0.265089894851656
5 18 0.124747568397469
6 16 2.32968151601325
6 10 0.0182723860265377
6 14 0.107512352952656
6 15 0.0234585300523318
6 6 -0.600502789160546
6 5 -0.543988610439031
6 8 0.0794834108561319
6 9 -0.349149150636456
7 9 -0.0853963013892104
7 8 0.0294660386974379
7 17 1.56149893796089
7 7 -0.413372435665878
7 11 -0.181720715215377
7 12 -0.293380954500754
7 10 0.017554135709982
8 18 1.93531643900666
8 19 -0.194719510707846
8 1 -0.234771528350319
8 2 -0.422901750289996
8 8 -0.387609095631578
8 11 -0.0785149276332881
8 12 0.163440951661573
8 15 0.124747568397469
8 0 -0.264498099319126
8 4 -0.34984446972769
9 18 -0.194719510707846
9 19 1.86955882360003
9 1 -0.288365346302535
9 15 -0.670293578917673
9 6 -0.238118216611252
9 8 0.0255496951249164
9 4 0.0665446879673313
9 13 0.273953375585481
